4
3

9 3 6

3 2 2
6 1 3
3 1 4
4 2 2

0 0 0
0 0 0
0 0 0
0 0 0

3 2 2
6 1 3
3 1 4
4 2 2

9 3 6

Req 0 -> 2 2 2
0 -> true -> 9 3 6
1 -> true
2 -> true
3 -> true

Avail
7 1 4

2 2 2
0 0 0
0 0 0
0 0 0

1 0 0
6 1 3
3 1 4| 3 0 0
4 2 2

Req 2 -> 0 1 4
7 0 0
0 -> true -> 9 2 2
1 -> false
2 -> true -> 9 3 6
3 -> true
0 -> true
1 -> true
2 -> true
3 -> true

2 2 2
0 0 0
0 1 4
0 0 0| 4 0 0

1 0 0
6 1 3
3 0 0
4 2 2| 0 2 2

7 0 0

Req 3 -> 4 0 0
3 0 0
0 -> true -> 5 2 2
1 -> false
2 -> true -> 7 2 2
3 -> 






